100
986 669 360
693 702 138
571 346 497
152 284 869
434 380 232
615 469 970
19 280 890
969 978 68
712 891 322
978 757 29
814 576 820
781 168 139
825 885 103
61 994 382
37 99 654
793 810 571
290 745 182
847 184 655
860 33 415
593 95 618
55 885 658
387 933 315
26 466 530
600 127 428
721 922 645
805 89 620
386 396 441
902 114 259
755 63 557
987 464 854
308 170 346
730 339 421
918 723 13
245 241 560
699 186 129
1 332 895
378 293 268
817 339 408
704 848 218
457 670 806
144 323 756
97 225 148
961 662 430
738 741 529
129 406 146
475 428 946
494 777 396
69 899 507
154 702 555
839 782 355
60 955 937
696 604 19
685 710 211
520 277 405
237 698 23
743 680 209
627 969 395
878 910 491
573 388 904
139 785 699
127 249 723
75 657 95
418 35 273
471 66 899
178 216 324
100 589 956
297 621 340
206 314 938
268 769 968
321 311 161
30 518 15
43 959 47
952 244 681
6 920 227
120 493 116
945 948 682
823 298 992
647 786 383
281 460 926
319 925 130
285 673 156
908 582 998
52 37 358
876 405 51
464 946 392
536 469 352
28 568 887
20 15 715
920 463 827
197 103 452
729 336 509
586 983 975
974 113 740
441 822 490
57 493 665
289 871 511
789 273 556
703 505 920
466 647 625
939 805 1